2
1.99999732826806
1.99995725243176
1.99978359356761
1.99931607545460
1.99833039951598
1.99653843363564
1.99358859862610
1.98906655977021
1.98249635407574
1.97334210634596
1.96101050841705
1.94485425532351
1.92417664892593
1.89823759267886
1.86626120953176
1.82744531704080
1.78097298801931
1.72602640968887
1.66180322738477
1.58753551840375
1.50251148552968
1.40609988619523
1.29777712041090
1.17715678717181
1.04402138425660
0.898355670161278
0.740381030392282
0.570589995789514
0.389779851833651
0.199084060708416
1.22464679914735e-16
-0.205588686652040
-0.415397018476539
-0.626732927893056
-0.836502970763123
-1.04123165917997
-1.23709651044576
-1.41998072285579
-1.58554507126928
-1.72932014454586
-1.84681940771651
-1.93367275480176
-1.98577922190511
-1.99947636327482
-1.97172247680448
-1.90028643626396
-1.78393839863042
-1.62263317760330
-1.41767669863122
-1.17186478405444
-0.889582681888306
-0.576853381683375
-0.241322993352357
0.107827567160623
0.460053520599268
0.803705968225507
1.12638285995559
1.41536888675454
1.65815638741381
1.84303303776277
1.95971532755543
2
